
Summary:
Max order | Tot.N.str. | Tot.str.len. | Tot.area. | Dr.dens. | Str.freq. 
  (num)   |    (num)   |     (km)     |   (km2)   | (km/km2) | (num/km2) 
        7 |       1686 |    3219.6790 | 3397.7018 |   0.9476 |  0.4962 

Stream ratios based on regression coefficient:
 Bif.rt. | Len.rt. | Area.rt. | Slo.rt. | Grd.rt. 
  3.3616 |  1.6310 |   3.6481 |  1.3342 |  2.1059

Averaged stream ratios with standard deviations:
 Bif.rt. | Len.rt. | Area.rt. | Slo.rt. | Grd.rt. 
  3.5237 |  1.8251 |   3.3719 |  1.3716 |  2.0664
  1.2964 |  0.8235 |   1.9748 |  0.5510 |  0.4472

Order | Avg.len |  Avg.ar  |  Avg.sl |  Avg.grad. | Avg.el.dif
 num  |   (km)  |  (km2)   |  (m/m)  |    (m/m)   |     (m)   
    1 |  1.1572 |   1.5318 |  0.0195 |     0.0132 | 15.9128
    2 |  2.7876 |   6.9909 |  0.0137 |     0.0078 | 21.8731
    3 |  8.1749 |  36.8913 |  0.0090 |     0.0041 | 39.4419
    4 | 18.2282 | 180.4164 |  0.0073 |     0.0019 | 45.2803
    5 | 21.7934 | 494.5762 |  0.0049 |     0.0008 | 12.6802
    6 | 17.1094 | 1364.3856 |  0.0023 |     0.0003 |  5.0099
    7 | 23.9293 | 3376.7670 |  0.0053 |     0.0002 |  4.5555

Order | Std.len |  Std.ar  |  Std.sl |  Std.grad. | Std.el.dif
 num  |   (km)  |  (km2)   |  (m/m)  |    (m/m)   |     (m)   
    1 |  1.0028 |   0.9759 |  0.0223 |     0.0182 | 26.7370
    2 |  2.6282 |   4.9463 |  0.0107 |     0.0091 | 30.2602
    3 |  7.6223 |  26.4106 |  0.0062 |     0.0050 | 53.0559
    4 | 14.4094 |  90.2259 |  0.0035 |     0.0011 | 49.5362
    5 | 13.5325 | 205.4028 |  0.0017 |     0.0006 |  6.1592
    6 |  2.6237 |  16.9380 |  0.0002 |     0.0001 |  0.1046
    7 | -0.0000 |   0.0000 |  0.0000 |     0.0000 |  0.0000

Order | N.streams | Tot.len (km) | Tot.area (km2)
    1 |      1328 |    1536.7904 | 2034.2736
    2 |       274 |     763.7916 | 1915.4971
    3 |        63 |     515.0160 | 2324.1521
    4 |        13 |     236.9660 | 2345.4127
    5 |         5 |     108.9670 | 2472.8811
    6 |         2 |      34.2188 | 2728.7711
    7 |         1 |      23.9293 | 3376.7670

Order | Bif.rt. | Len.rt. | Area.rt. | Slo.rt. | Grd.rt. | d.dens. | str.freq.
    1 |  4.8467 |  2.4088 |   0.0000 |  1.4229 |  1.6984 |  0.7554 |  0.6528
    2 |  4.3492 |  2.9326 |   4.5637 |  1.5146 |  1.9116 |  0.3987 |  0.1430
    3 |  4.8462 |  2.2298 |   5.2771 |  1.2457 |  2.1408 |  0.2216 |  0.0271
    4 |  2.6000 |  1.1956 |   4.8905 |  1.4826 |  2.2989 |  0.1010 |  0.0055
    5 |  2.5000 |  0.7851 |   2.7413 |  2.1334 |  2.7899 |  0.0441 |  0.0020
    6 |  2.0000 |  1.3986 |   2.7587 |  0.4302 |  1.5589 |  0.0125 |  0.0007
    7 |  0.0000 |  0.0000 |   2.4749 |  0.0000 |  0.0000 |  0.0071 |  0.0003
